$ANSIBLE_VAULT;1.1;AES256
35363364393733363262663663663132623664626637376433383031373265636361636133343833
3737366265313936623132653839353634343032663539640a633038393165373761626262356533
35306539616632333435303862383838633064323434653566616461343563306632303233383738
3764343332323661320a366536316661386232333562643736323162343061376131636435343532
61313462346636343866643062376232623336666664626163326435306364666532386431653336
32663338336566306234353638633866393162333439333638656532336239613933396136363332
65346638373765663238343134616366643837393864626561663366343339303663356465303265
35386466643264643234386261366234353133393039383966336535643137663635353561613037
65636533663039303739626535646466633838623635356666623161336161346530303232646166
37653339356437356130663761316665363433636431346537333137383935343537313737623839
39623635663439366162653665643231663464653764336639323663626631373838646434343263
34626632303433363632366530353962343939303330373965373736663738616162663566373531
31396463326234613630653262353733363333666632396233303865643061306539643365626535
36363731373232373834353262313031343039323132313565666262663064666333616337303337
39366662346130636663643938373639633064653135363031633137363763633939356237636166
38343338663063383230313832373364656265376439356539663232393261393834386364663032
62376139383737323161353965656663316266616230393931613063643531373362366330313334
37633938636338343138636163653231333663623933623565633962393934316436323966353834
34396163613265313565363837323434653037643463653332323862363731366631383338373166
33323266326130336234343439316163663466333630343461393265343138636432393336323365
31623361646335653537323037376537313864336538313763333835373830383333333032333736
36393031333565353264303361323337353765336263306639333266376161613937306130383935
32626163336232336663316232326532343865306439343863313139303738353530373466363161
35303863353533653230646339366239613463303166386231313662643734643861346232383237
36313134336665353362353732333961336235313630626534646365326630323136643664656136
38636634643937653430653664653835613561613839393461646638313664356236313966313831
30393736383130316163633863643338313937646239613638386463333931373933646233323337
31373166666262386330613036336536333361666664396664303233363231373561633538623830
63636338316461633836306264323263353538616637346532326434303033346130383334356162
36346438353265326361663238646461636662656666626361356632626232343762643730616238
61303361313739613034303266386334653833653665666637333839306230316432656638356531
65396464366236643634623130393239386632623538373232376464393164663236343962356662
36383936326630656162633064643765643037323764363630323334653633343164346339646134
36356330376239333861306538663964366361663831633265333032626131343736356633623239
61613435366630653036346634323939626230666664303339633530653633373661636233346637
65336263376466376638353766623735326564313061383635643336326236336265383139353434
30393831393539663830633136376239653138346437373661636636346436333963396236313033
33376338653364386637656366383730646330383139393433343433643565333036633966656564
33373861356338623433613436646364666238396534626632643165393133663333623262633931
30323632386435323462326263356237663763346366643232326234613936326236636134346462
30336261336130306361346637383731386537323030636262353832383537343735383436626532
32363939376365346634316461336461636333363331396237303266323831633032656434633262
35626337663437333936396366393731393730373939653032663534323039623139313865313961
38333131353839633563356631343032343661376361336135386162363031333131376463313537
33363261626237646263356431356637303537323436383739323837343038633465306533363530
32333966366562303363333532353532663138366263366462336536333165376532356463303961
66616363373033323664363861643138353733623236376237643334396435386366336333666630
36616638656461313163643934633537366335363230366135653532356662356639613832326261
64373132396563306339343031663263663332313963666639306664303162383636303932363039
36633961326136653937613161636462313462666534343336386137633965383230303061326266
306362366336643034373063333866353535
